15147846E5	6.61
15147954E5	10
15148062E5	13.78
1514817E6	19.78
15148278E5	16.39
15148386E5	11.61
15148494E5	10.78
1514871E6	8.78
15148818E5	9.39
15148926E5	13.61
15149034E5	17.61
15149142E5	16
1514925E6	11
15149358E5	9.22
15149574E5	8.22
15149682E5	9.39
1514979E6	14
15149898E5	18.22
15150006E5	15.39
15150114E5	10.39
15150222E5	7.61
15150438E5	8.39
15150546E5	8.22
15150654E5	13.61
15150762E5	20.22
1515087E6	16.39
15151086E5	10
15151194E5	8.61
15151302E5	8.39
1515141E6
15151518E5	12.61
15151626E5	17.61
15151734E5	15.78
15151842E5	10.78
1515195E6	8.61
15152058E5	7.61
15152166E5	5.61
15152274E5	6
15152382E5	15.39
1515249E6	19.39
15152598E5	17.61
15152706E5	10.22
15152814E5	8.78
15152922E5	8.39
1515303E6	7.78
15153138E5	7.22
15153246E5	16.39
15153354E5	20.22
15153462E5	18.22
1515357E6	12
15153678E5	10.22
15153894E5	6.22
15154002E5	6.39
1515411E6	17.61
15154218E5	20.61
15154326E5	18.61
15154434E5	10.78
15154542E5	8.39
1515465E6	7.78
15154758E5	5.61
15154866E5	5.61
15154974E5	17.39
15155082E5	21.39
1515519E6	18.61
15155298E5	11.78
15155406E5	9.22
15155514E5	8
15155622E5	7.78
1515573E6	10.39
15155838E5	18
15155946E5	23
15156054E5	19.61
15156162E5	15.61
1515627E6	12.39
15156378E5	11.22
15156486E5	9.39
15156594E5	10
15156702E5	17.61
1515681E6	22.61
15156918E5	20
15157026E5	14
15157134E5	11.39
15157242E5	10
1515735E6	9.39
15157458E5	10.61
15157566E5	19.78
15157674E5	22.39
15157782E5	21.22
1515789E6	12.78
15157998E5	11
15158106E5	9.61
15158214E5	6.78
15158322E5	7
1515843E6	19.61
15158538E5	23
15158646E5	20.39
15158754E5	11.61
15158862E5	10.61
15159078E5	7.39
15159186E5	7.78
15159294E5	20
15159402E5	23.78
1515951E6	21.22
15159618E5	13
15159726E5	9.78
15159942E5	7.61
1516005E6	8.78
15160158E5	17.61
15160266E5	23.22
15160374E5	20
15160482E5	15.39
1516059E6	13
15160698E5	11.61
15160806E5	10.78
15160914E5	10.78
15161022E5	20.22
1516113E6	24.39
15161238E5	23.61
15161346E5	12.61
15161454E5	10
1516167E6	6.61
15161778E5	9.39
15161886E5	15.61
15161994E5	22
15162102E5	20.22
1516221E6	12.78
15162318E5	11.78
15162426E5	10.61
15162534E5	8.39
15162642E5	8.61
1516275E6	21.78
15162858E5	27.22
15162966E5	23.61
15163074E5	15.22
15163182E5	12.61
1516329E6	11.61
15163398E5	9.39
15163506E5	9.39
15163614E5	19.22
15163722E5	24.22
1516383E6	21.78
15163938E5	15.22
15164046E5	14.22
15164154E5	12.61
15164262E5	10
1516437E6	9.61
15164478E5	18.61
15164586E5	22.61
15164694E5	20.61
1516491E6	10
15165018E5	9.22
15165126E5	6.78
15165234E5	6.22
15165342E5	19.78
1516545E6	25.22
15165558E5	21.39
15165666E5	13
15165774E5	10.22
1516599E6	7.22
15166098E5	7.39
15166206E5	20.78
15166314E5	24.61
15166422E5	22.22
1516653E6	14.39
15166638E5	11.78
15166854E5	9.78
15166962E5	13.39
1516707E6	16.22
15167178E5	13.5
15167286E5	15.61
15167394E5	12.39
15167502E5	10.39
1516761E6	9.78
15167718E5	9.61
15167826E5	11.39
15167934E5	15.22
15168042E5	18
1516815E6	16.61
15168258E5
15168366E5	10.78
15168474E5	9.39
15168582E5	10
1516869E6	10.39
15168798E5	13.39
15168906E5	18
15169014E5	16.39
15169122E5	12.22
1516923E6	10
15169338E5	9.22
15169446E5	9.22
15169554E5	9.61
15169662E5	13.22
1516977E6	18.22
15169878E5	16.39
15169986E5	12
15170094E5	9.22
15170202E5	8.39
1517031E6	10
15170418E5	10
15170526E5	13.61
15170634E5	20.22
15170742E5	19.39
15170958E5	9.78
15171066E5	8
15171174E5	8.78
15171282E5	9.22
1517139E6	17.61
15171498E5	21.78
15171606E5	21.78
15171714E5	12.22
15171822E5	9.22
15172038E5	7.61
15172146E5	9.61
15172254E5	18.39
15172362E5	23.39
1517247E6	21.22
15172578E5	13.22
15172686E5	11
15172794E5	10.22
15172902E5	10.22
1517301E6	12.39
15173118E5	23.39
15173226E5	26.39
15173334E5	23.61
1517355E6	12
15173658E5	10.78
15173766E5	10.22
15173874E5	13.22
15173982E5	20.22
1517409E6	24.61
15174198E5	23.22
15174306E5	18
15174414E5	14.78
1517463E6	12.22
15174738E5	12.61
15174846E5	24.22
15174954E5	27.22
15175062E5	25.78
15175278E5	15.61
15175494E5	11.78
15175602E5	12.78
1517571E6	21.78
15175818E5	26.22
15175926E5	24
15176034E5	17
15176142E5	14.61
1517625E6	13.39
15176466E5	10.78
15176574E5	21.39
15176682E5	24.39
1517679E6	23.39
15176898E5	14.78
15177006E5	11
15177222E5	10.61
1517733E6	10
15177546E5	23.61
15177654E5	21.61
15177762E5	14.61
1517787E6	10.78
15177978E5	10
15178086E5	7.61
15178194E5	7.39
15178302E5	19.61
1517841E6	21.61
15178518E5	19.61
15178626E5	15.22
15178734E5	14.22
1517895E6	13.78
15179058E5	13
15179166E5	19.22
15179274E5	22
15179382E5	19.78
1517949E6	15.61
15179598E5	13
15179706E5	11.39
15179814E5	10.61
15179922E5	10.22
1518003E6	19.61
15180138E5	23.61
15180246E5	22
15180354E5	13.61
15180462E5	10.61
15180678E5	6.78
15180786E5	7.61
15180894E5	20.39
15181002E5	23
1518111E6	21.39
15181218E5	13.22
15181326E5	10.22
15181434E5	9
15181542E5	7.61
1518165E6	7.61
15181758E5	21.39
15181866E5	24
15181974E5	22.39
15182082E5	13.39
1518219E6	10.61
15182406E5	9.22
15182514E5	8.22
15182622E5	20.22
15182838E5	23.39
15182946E5	14.39
15183054E5	12.39
15183162E5	11.78
1518327E6	9.22
15183378E5	10.61
15183486E5	23.61
15183594E5	24.61
15183702E5	22
1518381E6	17.22
15183918E5	16.22
15184026E5	15.61
15184134E5	14.78
15184242E5	15.61
1518435E6	19.61
15184458E5	20.78
15184566E5	18
15184674E5	15.39
15184782E5	14
1518489E6	13.39
15184998E5	10.22
15185106E5	11.78
15185214E5	21.61
15185322E5	23.39
1518543E6	21.22
15185538E5	15.78
15185646E5	14
15185754E5	13.39
15185862E5	11.61
1518597E6	12.39
15186078E5	20.39
15186186E5	22.61
15186294E5	20.39
15186402E5	16.22
1518651E6	14.61
15186726E5	12.61
15186834E5	14
15186942E5	20.39
1518705E6	23.39
15187158E5	23.22
15187266E5	17.78
15187374E5	14.78
1518759E6	13
15187698E5	12.78
15187806E5	21.22
15187914E5	24.39
15188022E5	23
1518813E6	18.22
15188238E5	15.22
15188454E5	13.78
15188562E5	14.61
1518867E6	21.61
15188778E5	25.39
15188886E5	24.22
15188994E5	17.61
15189102E5	15.61
15189318E5	13.78
15189426E5	14.61
15189534E5	23.39
1518975E6	25
15189858E5	16.22
15189966E5	13.39
15190074E5	12.22
15190182E5	11.22
1519029E6	11.78
15190398E5	24
15190506E5	26.61
15190614E5	25.22
15190722E5	17.61
1519083E6	14.39
15191046E5	11.39
15191154E5	12.39
15191262E5	24.39
1519137E6	28.22
15191478E5	27
15191586E5	18.39
15191694E5	15.78
1519191E6	13.78
15192018E5	14.39
15192126E5	27.61
15192234E5	31.22
15192342E5	29.61
1519245E6	21.22
15192558E5	17.39
15192666E5	16.78
15192774E5	15
15192882E5	16.78
1519299E6	25.39
15193098E5	31.61
15193206E5	29.39
15193314E5	21.78
15193422E5	18.61
15193638E5	16.39
15193746E5	18
15193854E5	29.22
15193962E5	30.22
1519407E6	28.78
15194178E5	22.22
15194286E5	19.39
15194502E5	17.61
1519461E6	19.22
15194718E5	28.39
15194826E5	30.78
15194934E5	29.22
15195042E5	24.22
1519515E6	21.61
15195366E5	18.39
15195474E5	18.39
15195582E5	26
1519569E6	27.78
15195798E5	27.39
15195906E5	22.39
15196014E5	20.78
1519623E6	16.78
15196338E5	16.39
15196446E5	23
15196554E5	27.78
15196662E5	26.39
1519677E6	20.39
15196878E5	19.61
15196986E5	18.22
15197094E5	16.78
15197202E5	18.39
1519731E6	26.39
15197418E5	29.78
15197526E5	28
15197634E5	22
15197742E5	19.22
15197958E5	16.61
15198066E5	19.39
15198174E5	27
1519839E6	28.22
15198498E5	23
15198606E5	20
15198714E5	18.78
15198822E5	15.78
1519893E6	17.78
15199038E5	26.39
15199254E5	27.39
15199362E5	21.22
1519947E6	18.61
15199578E5	16.78
15199686E5	16.22
15199794E5	17.78
15199902E5	28.22
1520001E6	31
15200118E5	30.22
15200226E5	22.61
15200334E5	19.39
1520055E6	17.61
15200658E5	20
15200766E5	28.22
15200874E5	32.22
15200982E5	29.39
1520109E6	24.39
15201198E5	21
15201306E5	19.39
15201414E5	18
15201522E5	19.61
1520163E6	30.39
15201738E5	28
15201846E5	26.39
15201954E5	22
15202062E5	18.61
1520217E6	17.61
15202278E5	15.39
15202386E5	19
15202494E5	26
15202602E5	28.78
1520271E6	26.78
15202818E5	21
15202926E5	18.39
15203142E5	15.78
1520325E6	17.22
15203358E5	25
15203466E5	28.39
15203574E5	26.39
15203682E5	20.61
1520379E6	17.61
15203898E5	16.78
15204006E5	15.61
15204114E5	17.61
15204222E5	26.78
1520433E6	29.39
15204438E5	27.78
15204546E5	21.22
15204654E5	18.22
15204762E5	17.39
1520487E6	14.61
15204978E5	15.61
15205086E5	28.39
15205194E5	31.61
15205302E5	30.39
1520541E6	23
15205518E5	19.39
15205734E5	15.78
15205842E5	20
1520595E6	28.39
15206058E5	31.39
15206166E5	30.39
15206274E5	24
15206382E5	19.22
15206598E5	16.78
15206706E5	20
15206814E5	29.22
15206922E5	32
1520703E6	30.39
15207138E5	23.78
15207246E5	20.39
15207354E5	18.39
15207462E5	17.39
1520757E6	19.39
15207678E5	28.39
15207786E5	31.78
15207894E5	30.78
15208002E5	23
1520811E6	19.78
15208218E5	17.78
15208326E5	17
15208434E5	21
15208542E5	30
1520865E6	34.39
15208758E5	32
15208866E5	24.39
15208974E5	20.39
15209082E5	19
1520919E6	18.22
15209298E5	21.22
15209406E5	32.61
15209514E5	35.61
15209622E5	34.39
1520973E6	24.39
15209838E5	21.39
15209946E5	19.22
15210054E5	17.78
15210162E5	20
1521027E6	30.22
15210378E5	33.39
15210486E5	32
15210594E5	24.61
15210702E5	20.78
15210918E5	18.22
15211026E5	22.22
15211134E5	27.61
15211242E5	31.78
1521135E6	31.39
15211458E5	24.61
15211566E5	22.39
15211782E5	17.78
1521189E6	21
15211998E5	27.78
15212106E5	31
15212214E5	29
15212322E5	24.22
1521243E6	21.61
15212538E5	19.61
15212646E5	18.22
15212754E5	20.22
1521297E6	30.78
15213078E5	29.61
15213294E5	18.78
15213402E5	17.61
1521351E6	14.78
15213618E5	20
15213726E5	28.22
15213834E5	31.61
15213942E5	30.61
1521405E6	24.61
15214374E5	16
15214482E5	21.22
1521459E6	29.78
15214698E5	34.39
15214806E5	30.61
15214914E5	25.61
15215022E5	20.61
1521513E6	18.78
15215238E5	17.61
15215346E5	20.39
15215454E5	31.78
15215562E5	34.78
1521567E6	33.39
15215778E5	27
15215886E5	24.39
15215994E5	22.22
15216102E5	22
1521621E6	22.61
15216318E5	30.78
15216426E5	33
15216534E5	29
15216642E5	25
1521675E6	23.78
15216858E5	22.22
15216966E5	19.39
15217074E5	20.61
15217182E5	29.22
1521729E6	30
15217398E5	29
15217506E5	25.22
15217614E5	23.39
1521783E6	18.78
15217938E5	21.39
15218046E5	26.61
15218154E5	29.78
1521837E6	23.39
15218478E5	22.61
15218694E5	19.39
15218802E5	22
1521891E6	28.61
15219018E5	31.61
15219234E5	25.78
15219342E5	23.39
1521945E6	21.61
15219558E5	19.39
15219666E5	21.22
15219774E5	30
15219882E5	32.22
1521999E6	31.78
15220098E5	24.78
15220206E5	23.61
15220314E5	22.61
1522053E6	22.61
15220638E5	31
15220854E5	32.22
15220962E5	24.61
1522107E6	23.39
15221178E5	22.39
15221286E5	18.22
15221394E5	24
15221502E5	32.61
1522161E6	36.78
15221718E5	35.22
15221826E5	26.61
15222042E5	21.22
1522215E6	18.39
15222258E5	24
15222366E5	36.22
15222474E5	38.61
15222582E5	35.39
15222798E5	25.39
15222906E5	23
15223014E5	20.22
15223122E5	24
1522323E6	33.22
15223338E5	35.61
15223446E5	35
15223554E5	28.22
15223662E5	23.61
1522377E6	22.39
15223878E5	21.78
15223986E5	27.22
15224094E5	32.61
15224202E5	35.39
1522431E6	33.39
15224418E5	26.22
15224526E5	23.78
15224742E5	21.78
1522485E6	22.78
15224958E5	29.39
15225066E5	33.22
15225174E5	32.22
15225282E5	27.39
1522539E6	24
15225498E5	23.22
15225606E5	22.39
15225714E5	24.61
15225822E5	31.22
1522593E6	34.78
15226038E5	33.78
15226254E5	24.61
1522647E6	22
15226578E5	23.61
15226686E5	33.22
15226794E5	36.22
1522701E6	28.78
15227118E5	25.39
15227226E5	23.61
15227334E5	21.78
15227442E5	26.78
15227658E5	38.22
15227766E5	36.61
15227874E5	30.61
15227982E5	26.61
1522809E6	25.39
15228198E5	23.39
15228306E5	27.39
15228414E5	36
15228522E5	38.39
1522863E6	36.22
15228738E5	29.22
15228846E5	26.39
15228954E5	24.78
15229062E5	23.78
1522917E6	26.61
15229278E5	34.78
15229386E5	37.39
15229494E5	35.78
15229602E5	31.22
1522971E6	27.39
15229818E5	26
15229926E5	23.39
15230034E5	27.61
15230142E5	35
1523025E6	35.78
15230358E5	33
15230466E5	21
15230574E5	24.78
15230682E5	22.22
1523079E6	19.78
15230898E5	25
15231006E5	31.39
15231114E5	34
15231222E5	34
1523133E6	28.61
15231438E5	25.78
15231546E5	24.61
15231654E5	23.61
15231762E5	26.39
1523187E6	33.39
15231978E5	35.61
15232086E5	34.78
15232194E5	29.61
15232302E5	27
1523241E6	25.22
15232518E5	24.78
15232626E5	20.39
15232734E5	24.22
15232842E5	29.61
1523295E6	30.61
15233058E5	25.61
15233166E5	23.61
15233274E5	22.61
1523349E6	25
15233598E5	31.61
15233706E5	35
15233814E5	34.22
15233922E5	29
1523403E6	26
15234138E5	24.61
15234246E5	24.39
15234354E5	24.22
15234462E5	30.39
1523457E6	33.22
15234678E5	27.39
15234786E5	25.39
15234894E5	24.39
15235002E5	23.78
1523511E6	19
15235218E5	23.39
15235326E5	29.78
15235434E5	32.61
15235542E5	32.78
1523565E6	28
15235758E5	25.22
15235974E5	19
15236082E5	24.61
1523619E6	32.22
15236406E5	34.39
15236622E5	22.39
1523673E6	20.78
15236838E5	18.78
15236946E5	25.61
15237054E5	33.78
15237162E5	36
1523727E6	35.22
15237378E5	28.22
15237486E5	24.78
15237594E5	22.39
15237702E5	20.78
1523781E6	26.22
15237918E5	34.78
15238026E5	38
15238134E5	37.39
15238242E5	29
1523835E6	27.39
15238458E5	26.78
15238566E5	22.61
15238674E5	28.22
15238782E5	35.61
1523889E6	39.39
15238998E5	36.39
15239322E5	26.61
1523943E6	24
15239538E5	28.22
15239646E5	35
15239754E5	37.39
15239862E5	37.78
15240078E5	30
15240186E5	28.61
15240294E5	24.39
15240402E5	29.22
1524051E6	36
15240618E5	37.78
15240726E5	37
15240834E5	32.78
15240942E5	29.61
15241158E5	23.39
15241266E5	28.61
15241374E5	36.22
15241482E5	39
1524159E6	38
15241698E5	30.39
15242022E5	25.39
1524213E6	29
15242238E5	37.22
1524267E6	29
15242886E5	24.61
15242994E5	26
15243534E5	27.78
15244182E5	34
15244398E5	27.22
1524483E6	33
15244938E5	35.39
15245046E5	35.39
15245154E5	28.78
15245262E5	27
1524537E6	25.22
15245478E5	21.22
15245586E5	28
15245694E5	35.39
15245802E5	37.78
1524591E6	37.39
15246018E5	30.22
15246126E5	25.22
15246234E5	23.61
15246342E5	21.39
1524645E6	28.39
15246666E5	41.39
15246774E5	40
15246882E5	30.22
1524699E6	27.39
15247206E5	27.61
15247314E5	32.61
15247422E5	38.39
1524753E6	40.61
15247638E5	38.78
15247746E5	32.22
15247854E5	28.22
1524807E6	28.22
15248178E5	29.39
15248286E5	35.61
15248394E5	38.39
15248502E5	37.61
1524861E6	32.78
15248718E5	28.61
15248826E5	28.39
15248934E5	28.78
15249042E5	30.39
1524915E6	35.61
15249258E5	39.22
15249366E5	37.61
15249474E5	33
15249582E5	31
1524969E6	30.61
15249906E5	30
15250014E5	37
15250122E5	39.61
1525023E6	38
15250446E5	27.22
15250554E5	26.22
15250662E5	25.61
1525077E6	28.78
15250878E5	36
15250986E5	39.78
15251094E5	38.39
15251202E5	33.61
1525131E6	32.22
15251418E5	29.61
15251526E5	27.39
15251634E5	28.22
15251742E5	33
1525185E6	37
15251958E5	36.39
15252066E5	31.78
15252174E5	30.39
15252282E5	29
1525239E6	27.39
15252498E5	29.61
15252606E5	35.22
15252714E5	37.61
15252822E5	30
1525293E6	20.22
15253038E5	24.78
15253146E5	25.22
15253254E5	25
15253362E5	26.39
1525347E6	30.22
15253578E5	34
15253686E5	34.22
15253794E5	30
15253902E5	29
15254118E5	23
15254226E5	26.39
15254334E5	33
15254442E5	36
1525455E6	36.39
15254658E5	31.39
15254766E5	28.39
15254874E5	26.78
15254982E5	26.22
1525509E6	28.78
15255198E5	35.61
15255306E5	38.39
15255414E5	38
15255522E5	31.61
15255738E5	29.61
15255846E5	27
15255954E5	30.39
15256062E5	35.39
1525617E6	35.39
15256278E5	35
15256386E5	31.39
15256494E5	28.39
15256602E5	27.61
15256818E5	29.39
15256926E5	35.78
15257142E5	38
1525725E6	32.39
15257358E5	29
15257466E5	29
15257574E5	26.22
15257682E5	26.78
1525779E6	31.22
15258006E5	34.39
15258114E5	30.39
15258222E5	25.22
1525833E6	24.61
15258438E5	23
15258546E5	27.22
15258654E5	33.39
15258762E5	35.22
1525887E6	28.22
15258978E5	27
15259086E5	26.78
15259194E5	25.61
15259302E5	22
1525941E6	28
15259518E5	35.61
15259626E5	38.61
15259734E5	37
15259842E5	31.78
1525995E6	27.78
15260058E5	26.39
15260166E5	24.61
15260274E5	30.78
15260382E5	38.78
1526049E6	41
15260598E5	40.61
15260706E5	34
15260814E5	30.22
15260922E5	28.39
1526103E6	27.61
15261138E5	31.61
15261246E5	39.61
15261462E5	38.78
1526157E6	35
15261678E5	32.39
15261786E5	31.78
15261894E5	30.78
15262002E5	31.61
1526211E6	36.39
15262218E5	39.61
15262326E5	26.78
15262434E5	25.22
15262542E5	25
15262758E5	24
15262866E5	26
15262974E5	32.78
15263082E5	35.61
1526319E6	35.22
15263298E5	31.22
15263406E5	29.22
15263514E5	27.78
15263622E5	26.78
1526373E6	28.78
15263838E5	35.39
15263946E5	37.39
15264054E5	36
15264162E5	32.61
15264378E5	29.61
15264486E5	26.61
15264594E5	30
15264702E5	37.39
15264918E5	38.61
15265026E5	34.78
15265242E5	32.28
1526535E6	26.78
15265458E5	31.78
15265566E5	38
15265674E5	41.22
15265782E5	39.39
15266214E5	27.39
1526643E6	35
15266538E5	39.22
15266646E5	38.39
15266754E5	33.61
15266862E5	31
1526697E6	29.61
15267078E5	27.22
15267186E5	32
15267294E5	38.78
15267402E5	41.22
1526751E6	34.39
15267726E5	29.78
15267834E5	28.61
15267942E5	28.39
1526805E6	32.39
15268158E5	37.61
15268266E5	40
15268374E5	39
15268482E5	32.22
1526859E6	28.61
15268698E5	27.22
15268806E5	26.22
15268914E5	32
15269022E5	39.22
1526913E6	41.22
15269238E5	40.39
15269346E5	32.39
15269454E5	31.22
1526967E6	26.61
15269778E5	33
15269886E5	40.39
15269994E5	43
15270102E5	41.78
1527021E6	34.22
15270318E5	31.61
15270426E5	29.61
15270534E5	27.22
15270642E5	31.78
1527075E6	40
15270966E5	41
15271074E5	34.39
15271182E5	31.39
15271398E5	27
15271506E5	31
15271614E5	38
15271722E5	41
1527183E6	40
15271938E5	32.22
15272046E5	28.61
15272154E5	27.22
15272262E5	24.61
1527237E6	31.61
15272478E5	41.39
15272694E5	42.39
15272802E5	32
1527291E6	30.61
15273018E5	30.22
15273126E5	25
15273234E5	33.39
15273342E5	40.39
1527345E6	44
15273558E5	42.22
15273666E5	33.22
15273774E5	30.22
15273882E5	27.61
1527399E6	27.22
15274098E5	33.78
15274206E5	42
15274314E5	43.78
15274422E5	42.61
1527453E6	35.39
15274638E5	32.78
15274854E5	27.61
15274962E5	32.78
1527507E6	39.39
15275178E5	42.22
15275286E5	41.39
15275394E5	34.61
15275502E5	30.39
15275718E5	27.78
15275934E5	38.39
15276042E5	43.61
1527615E6	42.39
15276258E5	36
15276366E5	32.78
15276474E5	29.78
15276582E5	29.78
1527669E6	32
15276798E5	36.39
15276906E5	40.39
15277014E5	39.22
15277122E5	35.22
1527723E6	32
15277338E5	30.22
15277446E5	30
15277554E5	33
15277662E5	38.61
1527777E6	41.39
15277878E5	41.22
15277986E5	36
15278094E5	34.39
15278202E5	32.78
1527831E6	31
15278418E5	32.61
15278526E5	37.39
15278634E5	41.22
15278742E5	41.22
1527885E6	35.78
15278958E5	29.22
15279174E5	27.22
15279282E5	29.61
1527939E6	35.61
15279498E5	37.22
15279606E5	37.39
15279714E5	32.61
15279822E5	29.78
1527993E6	29.39
15280038E5	28.22
15280146E5	29.61
15280254E5	36.39
15280362E5	39.22
1528047E6	38.22
15280578E5	35
15280686E5	33
15280794E5	32.22
15280902E5	31.22
1528101E6	32.78
15281118E5	38.61
15281226E5	41
15281334E5	40.61
15281442E5	36
1528155E6	34
15281658E5	32.78
15281766E5	31.78
15281874E5	34.22
15281982E5	38.39
15282198E5	40.61
15282306E5	36.61
15282414E5	34.39
15282522E5	33.22
1528263E6	30.78
15282738E5	31
15282846E5	36.39
15282954E5	36.22
15283062E5	35.61
1528317E6	32.78
15283278E5	30.78
15283386E5	30.22
15283494E5	29.78
15283602E5	33
1528371E6	38.61
15283818E5	40.78
15283926E5	40
15284034E5	37
15284142E5	34.61
1528425E6	32.39
15284358E5	32.22
15284466E5	35.22
15284574E5	38.78
1528479E6	37.78
15284898E5	35.22
15285006E5	34
15285222E5	30.78
1528533E6	32.22
15285438E5	37
15285654E5	35
15285762E5	25.61
1528587E6	25.61
15285978E5	25.78
15286086E5	26.61
15286194E5	30.22
15286302E5	35.22
1528641E6	38.22
15286518E5	37.61
15286626E5	33.39
15286734E5	31.78
1528695E6	30.39
15287058E5	32.39
15287166E5	36.61
15287274E5	39.61
15287382E5	40.39
1528749E6	36.61
15287598E5	35.39
15287706E5	33.39
15287814E5	31.61
15287922E5	35.61
1528803E6	38.61
15288138E5	41
15288246E5	40.61
15288354E5	38.22
15288462E5	36
1528857E6	34.39
15288678E5	34.39
15288786E5	36.22
15288894E5	37.61
1528911E6	40.61
15289218E5	39.39
15289326E5	38.39
15289434E5	38
15289542E5	34.61
1528965E6	34.39
15289758E5	36.22
15289866E5	39.78
15289974E5	40
15290082E5	37.22
1529019E6	36.78
15290298E5	35.61
15290406E5	34.39
15290514E5	34.39
15290622E5	36.78
1529073E6	39.61
15290838E5	40.22
15290946E5	37.22
1529127E6	32.78
15291378E5	34.22
15291486E5	36
15291594E5	39.39
15291702E5	37.78
1529181E6	34.39
15291918E5	33.78
15292134E5	29
15292242E5	31
1529235E6	33.78
15292458E5	35
15292674E5	31.22
15292782E5	30.61
15292998E5	28.39
15293214E5	34.39
15293322E5	36.61
1529343E6	36.61
15293538E5	32
15293646E5	30
15293862E5	26.78
1529397E6	31
15294078E5	35.78
15294186E5	39.39
15294402E5	35
1529451E6	33.78
15294618E5	32.61
15294726E5	30.39
15294834E5	34
15295158E5	40.22
15295266E5	36.39
15295374E5	34.22
15295482E5	33.39
1529559E6	31.78
15295698E5	34.22
15295806E5	38.78
15295914E5	41.22
15296022E5	39.78
1529613E6	36.22
15296238E5	34.22
15296454E5	30.39
15296562E5	34.39
1529667E6	40.39
15296886E5	41.39
15296994E5	37.39
15297102E5	33.78
1529721E6	34.39
15297318E5	32.78
15297426E5	36.22
15297534E5	39.61
15297642E5	42.22
1529775E6	40.22
15297858E5	35.61
15297966E5	33.22
15298182E5	32.61
1529829E6	34.39
15298398E5	39
15298506E5	41.78
15298614E5	40.78
15298722E5	36.39
1529883E6	34
15298938E5	33.22
15299046E5	34
15299154E5	35.61
15299262E5	39.22
1529937E6	41.61
15299478E5	37.78
15299586E5	35.22
15299694E5	35
1529991E6	31.39
15300018E5	32.78
15300126E5	33.61
15300234E5	34
15300342E5	33
1530045E6	32
15300558E5	31.22
15300666E5	31
15300774E5	28.78
15300882E5	27.39
1530099E6	32.61
15301098E5	36
15301206E5	35.61
15301314E5	28.39
15301422E5	27.22
15301638E5	25.61
15301746E5	28.22
15301854E5	32.78
15301962E5	31.61
1530207E6	34.39
15302178E5	29.39
15302286E5	29
15302502E5	28.39
1530261E6	30
15302718E5	33.22
15302826E5	34.39
15302934E5	30.39
15303042E5	29.22
15303366E5	28
15303474E5	29.61
15303582E5	33.22
1530369E6	34
15303798E5	33.39
15303906E5	32
15304014E5	30.39
1530423E6	29.78
15304338E5	31.61
15304446E5	34
15304554E5	35.39
15304662E5	36.22
1530477E6	32.22
15304878E5	31
15304986E5	30.78
15305094E5	30.39
15305202E5	32.39
1530531E6	36.39
15305418E5	37.39
15305526E5	37.39
15305634E5	25.61
15305742E5	25.39
1530585E6	24.39
15305958E5	26.78
15306066E5	30.39
15306174E5	34
15306282E5	35.22
1530639E6	35.78
15306498E5	32.78
15306606E5	31
15306822E5	28.78
1530693E6	27.39
15307038E5	32.78
15307146E5	35
15307254E5	36
15307362E5	32.61
1530747E6	30.78
15307578E5	30.22
15307686E5	29.22
15307794E5	31.39
15307902E5	35.22
15308118E5	26.61
15308226E5	29.22
15308334E5	28.61
1530855E6	27.78
15308658E5	31.61
15308766E5	35.39
15308874E5	36.61
15308982E5	36.39
1530909E6	33.22
15309198E5	31.39
15309414E5	28.61
15309522E5	31.61
1530963E6	35.78
15309738E5	37.78
15309846E5	37.78
15309954E5	33.39
15310062E5	33
1531017E6	31.78
15310278E5	29.22
15310386E5	33.39
15310494E5	37.22
15310602E5	39.22
1531071E6	39.39
15310818E5	35.39
15310926E5	33.39
15311034E5	32.61
15311142E5	31.39
1531125E6	33
15311358E5	37
15311574E5	34.39
15311682E5	34.22
1531179E6	32.78
15312006E5	30
15312114E5	32.22
15312222E5	35.22
15312438E5	38.78
15312546E5	35
15312654E5	32.39
15312762E5	31.22
1531287E6	30
15312978E5	32.39
15313086E5	35.39
15313194E5	35
15313302E5	33.39
1531341E6	30.61
15313518E5	31
15313626E5	30.78
15313734E5	29.61
15313842E5	31.22
1531395E6	33.61
15314058E5	36.39
15314166E5	36.39
15314274E5	31.61
15314382E5	30.61
1531449E6	29.78
15314598E5	28.39
15314706E5	31.61
15314814E5	33.78
15314922E5	32.39
1531503E6	26.22
15315138E5	26.78
15315246E5	27.39
15315354E5	28.22
15315462E5	27.39
1531557E6	29
15315678E5	33.61
15315786E5	32.39
15315894E5	32
15316002E5	29.61
1531611E6	29.22
15316218E5	28.78
15316326E5	28.39
15316434E5	30.78
15316542E5	33.22
1531665E6	35.22
15316758E5	34.22
15316866E5	31.61
15316974E5	31
1531719E6	29.39
15317298E5	31.78
15317406E5	32.22
15317514E5	30
15317622E5	28.39
1531773E6	29
15317838E5	29
15317946E5	28.78
15318054E5	28.61
15318162E5	31.39
1531827E6	34
15318378E5	35.61
15318486E5	35.61
15318594E5	33
15318702E5	31.78
15318918E5	29.61
15319026E5	32.78
15319134E5	35.61
15319242E5	36.61
1531935E6	35.39
15319458E5	30.78
15319566E5	29.78
15319782E5	29.39
1531989E6	32.39
15319998E5	35.78
15320106E5	37.22
15320214E5	36.78
15320322E5	31
1532043E6	30.78
15320538E5	29.39
15320646E5	28.22
15320754E5	29
15320862E5	26
15321078E5	31.78
15321186E5	30
15321294E5	29.61
1532151E6	28.61
15321618E5	30
15321726E5	33.39
15321834E5	31
15321942E5	28.39
1532205E6	27.39
15322158E5	27.39
15322374E5	26.78
15322482E5	28.22
1532259E6	32
15322698E5	32.39
15322806E5	28.61
15322914E5	28.39
15323022E5	28
15323238E5	27.61
15323346E5	29.22
15323454E5	29.28
15323562E5	34.61
1532367E6	33.78
15323778E5	31.22
15323886E5	30.61
15323994E5	29.61
15324102E5	29.22
1532421E6	30.61
15324318E5	33.78
15324426E5	36
15324534E5	36.39
15324642E5	32.39
1532475E6	31.39
15324966E5	28.61
15325074E5	29
15325182E5	29.22
1532529E6	30.78
15325398E5	31
15325506E5	29.39
15325614E5	29.22
15325722E5	28.78
1532583E6	28
15325938E5	26.61
15326046E5	26.22
15326154E5	27.78
15326262E5	27.22
1532637E6	27
15326478E5	26.61
15326694E5	25.61
15326802E5	26.39
1532691E6	27
15327018E5	27.78
15327126E5	28.22
15327342E5	26
1532745E6	25.61
15327558E5	26.39
15327666E5	27.39
15327774E5	28.22
1532799E6	31.78
15328098E5	26.39
15328206E5	26.22
15328638E5	32
15328746E5	34
15328854E5	34.39
15328962E5	32.22
1532907E6	30.39
15329178E5	25.39
15329394E5	27.78
15329502E5	32.22
1532961E6	33.61
15329718E5	34
15329826E5	31.39
15329934E5	30.78
1533015E6	29
15330258E5	30
15330366E5	31
15330474E5	31.78
15330582E5	32.61
1533069E6	31.22
15330798E5	27.39
15330906E5	27.22
15331014E5	27.22
15331122E5	28.61
1533123E6	32.78
15331338E5	35
15331446E5	35
15331554E5	32.78
15331662E5	31
15331878E5	28.78
15331986E5	29.78
15332094E5	32.39
15332202E5	35
1533231E6	35.61
15332418E5	32.78
15332526E5	31.39
15332742E5	29.39
1533285E6	30
15332958E5	33
15333066E5	33.78
15333174E5	33.78
15333282E5	31.39
1533339E6	30.78
15333498E5	29.78
15333606E5	29
15333714E5	30.22
15333822E5	33.22
1533393E6	35.39
15334038E5	35.22
15334146E5	33.78
15334254E5	31.22
15334362E5	30.61
1533447E6	29.39
15334578E5	29.78
15334686E5	32
15334794E5	32.61
15334902E5	30
1533501E6	28.78
15335118E5	27.22
15335226E5	26.78
15335334E5	27.78
15335442E5	28
1533555E6	27.78
15335658E5	29
15335766E5	28.61
15335874E5	28
15335982E5	28
15336198E5	27.39
15336306E5	27.61
15336414E5	31.78
1533663E6	27.78
15337278E5	32
15337386E5	33
15337494E5	33.39
15337602E5	31.22
1533771E6	29.39
15337818E5	28.39
15337926E5	28
15338034E5	30
15338142E5	34.61
1533825E6	35
15338358E5	35.39
15338466E5	31.78
15338574E5	31
1533879E6	29
15338898E5	31.39
15339006E5	34.39
15339114E5	33.39
15339222E5	29.61
1533933E6	29.39
15339438E5	29.22
15339546E5	28.78
15339654E5	28.39
15339762E5	30.22
1533987E6	33.61
15339978E5	35
15340086E5	34.39
15340194E5	32.78
15340302E5	31.39
15340518E5	29.39
15340626E5	28.22
15340734E5	31.39
15340842E5	32.39
1534095E6	32.39
15341058E5	30.78
15341166E5	30.39
15341274E5	28.22
15341382E5	27.61
1534149E6	28.22
15341598E5	32.22
15341706E5	32.61
15341814E5	33.22
15341922E5	30.22
1534203E6	29.78
15342246E5	28.78
15342354E5	30.22
15342462E5	27.39
1534257E6	34.22
15342678E5	34.39
15342786E5	31.61
15342894E5	30.22
15343002E5	29.61
1534311E6	29
15343218E5	31
15343326E5	34.22
15343434E5	35.22
15343542E5	31.61
1534365E6	30
15343758E5	29.39
15343974E5	28
15344082E5	30.22
1534419E6	34.39
15344298E5	35.61
15344406E5	29.39
15344514E5	29.22
15344622E5	29
1534473E6	28.61
15344838E5	28.39
15344946E5	30.39
15345054E5	34.22
15345162E5	35.39
1534527E6	33
15345378E5	31.39
15345486E5	30
15345594E5	29.39
15345702E5	29
1534581E6	31
15345918E5	34
15346026E5	36.22
15346134E5	28.22
15346242E5	28.78
1534635E6	28.39
15346458E5	27.78
15346566E5	28
15346674E5	29
15346782E5	31.78
1534689E6	26.61
15346998E5	28.39
15347106E5	28.22
15347214E5	28.22
1534743E6	27.61
15347538E5	30
15347646E5	33
15347754E5	25.89
15347862E5	33.61
1534797E6	32.22
15348078E5	29.22
15348186E5	28.61
15348294E5	27.39
15348402E5	29.22
15348618E5	36.39
15348726E5	35.39
15348834E5	31.78
15348942E5	30.39
1534905E6	29.39
15349158E5	29.22
15349266E5	31.22
15349374E5	33.78
15349482E5	35.61
15349698E5	29.78
15349806E5	29.78
15349914E5	29.39
15350022E5	28.61
1535013E6	27.61
15350238E5	29.22
15350346E5	31.61
15350454E5	31.22
15350562E5	30.39
1535067E6	29.39
15350778E5	28.78
15350886E5	27.78
15350994E5	28.78
15351102E5	30.39
1535121E6	31.61
15351318E5	34
15351534E5	30.22
1535175E6	27.78
15351858E5	28.39
15351966E5	31.39
15352074E5	32.39
15352182E5	32.61
1535229E6	30.61
15352398E5	30
15352614E5	27.61
15352722E5	29.22
1535283E6	32.39
15352938E5	34.22
15353046E5	33.39
15353154E5	31
15353262E5	30.39
15353478E5	28.78
15353586E5	27.61
15353694E5	30.78
15353802E5	31.39
1535391E6	32
15354018E5	29.39
15354126E5	28.61
15354234E5	28
15354342E5	27.22
1535445E6	26.78
15354558E5	28.78
15354666E5	31.61
15354774E5	29.78
15354882E5	28
1535499E6	27.61
15355098E5	27.39
15355206E5	27.22
15355314E5	27.78
15355422E5	31.22
1535553E6	31.61
15355638E5	30.78
15355746E5	27
15355854E5	27.22
15355962E5	26.78
1535607E6	26.61
15356178E5	28.39
15356286E5	32
15356394E5	34.39
15356502E5	34
1535661E6	31.78
15356718E5	30.22
15356934E5	29.61
15357042E5	29
1535715E6	32.61
15357258E5	33.61
15357366E5	32.39
15357474E5	31
15357582E5	30
15357798E5	28.39
15357906E5	24.39
15358014E5	25
15358122E5	25.61
1535823E6	29
15358338E5	28.78
15358446E5	28.22
15358554E5	27
15358662E5	26.78
1535877E6	27
15358878E5	25
15358986E5	27.39
15359094E5	28
15359202E5	26.78
1535931E6	26.39
15359526E5	26
15359634E5	27.39
15359742E5	29
1535985E6	25.78
15359958E5	26.78
15360066E5	26.22
15360174E5	26.39
15360282E5	26
1536039E6	25.61
15360498E5	26.78
15360606E5	29.61
15360714E5	27.78
15360822E5	27.61
1536093E6	26.39
15361038E5	26.39
15361254E5	26
1536147E6	28.78
15361686E5	30.39
15361794E5	29.22
15361902E5	28.22
15362118E5	27.39
15362226E5	27.78
15362334E5	32.22
15362442E5	34.39
1536255E6	33
15362658E5	25.22
15362766E5	35.61
15362874E5	26
15362982E5	25.78
1536309E6	26.78
15363198E5	32.39
15363306E5	33
15363414E5	28.22
15363522E5	27.39
1536363E6	26.61
15363738E5	26.22
15363846E5	26
15363954E5	27.22
15364062E5	30.22
1536417E6	33.39
15364278E5	31.61
15364386E5	26.39
15364494E5	26.39
1536471E6	25.39
15364818E5	26
15364926E5	30
15365034E5	32.22
15365142E5	32.22
1536525E6	29.22
15365358E5	27.22
15365574E5	25.78
15365682E5	26.78
1536579E6	30.61
15365898E5	31.61
15366006E5	31.39
15366114E5	28.61
15366222E5	27.78
15366438E5	26.78
15366546E5	27.39
15366654E5	31.39
15366762E5	33.78
1536687E6	33.39
15366978E5	30.39
15367086E5	29.61
15367194E5	28.61
15367302E5	27.61
1536741E6	27.78
15367518E5	31.39
15367626E5	33.39
15367734E5	32.78
15367842E5	31
1536795E6	30.22
15368166E5	27
15368382E5	32.22
1536849E6	33.61
15368598E5	33.39
15368706E5	30.22
15368814E5	29.22
1536903E6	26.39
15369138E5	27.78
15369246E5
15369354E5	34.39
15369462E5	32.39
1536957E6	29.78
15369678E5	28.22
15369786E5	27.39
15369894E5	26.39
15370002E5	28
1537011E6	32
15370218E5	34
15370326E5	33.22
15370434E5	29.61
15370542E5	27.39
1537065E6	26.78
15370758E5	26.61
15370866E5	27.61
15370974E5	32.78
15371082E5	33.78
1537119E6	31.78
15371298E5	29.39
15371406E5	27.78
15371514E5	26.78
15371622E5	26.22
1537173E6	28.61
15371838E5	32.61
15371946E5	33.78
15372054E5	32.78
15372162E5	29.61
1537227E6	28.22
15372378E5	27.22
15372486E5	26
15372702E5	33.22
1537281E6	34.78
15372918E5	33.39
15373026E5	29.78
15373134E5	27.39
15373242E5	25.22
1537335E6	24.61
15373458E5	28.39
15373566E5	33.39
15373782E5	33.22
1537389E6	29
15373998E5	26.39
15374106E5	25.61
15374214E5	25
15374322E5	27.22
1537443E6	33.22
15374538E5	35.39
15374646E5	34.22
15374754E5	29.61
15374862E5	28.22
1537497E6	27.39
15375078E5	26.39
15375186E5	28.22
15375294E5	32.78
15375402E5	33
1537551E6	29.78
15375618E5	28.22
15375726E5	24.22
15375834E5	23.78
15375942E5	23.61
1537605E6	24.78
15376158E5	26
15376266E5	26
15376374E5	27.39
15376482E5	26.39
1537659E6	26.22
15376698E5	26
15376806E5	25.61
15376914E5	26.61
15377022E5	27.78
1537713E6	30.22
15377238E5	29.78
15377346E5	26
15377454E5	25.22
15377562E5
1537767E6	24.39
15377778E5	25
15377886E5	26
15378102E5	26.78
1537821E6	25.22
15378318E5	23.61
15378426E5	23
15378534E5	23
15378642E5	23
1537875E6	23.78
15378858E5	25.22
15378966E5	26.61
15379074E5	24.61
15379182E5	24.22
1537929E6	23.39
15379398E5	22.61
15379506E5	24.61
15379614E5	30
15379722E5	32.22
1537983E6	31
15379938E5	26.78
15380046E5	25.22
15380154E5	24.22
15380262E5	23.39
1538037E6	26.39
15380478E5	31
15380586E5	33.22
15380694E5	32.39
15380802E5	27.78
1538091E6	25.22
15381018E5	24.61
15381126E5	24
15381234E5	25.61
15381342E5	32.61
1538145E6	35.39
15381558E5	34
15381666E5	27.61
15381774E5	25.61
1538199E6	24
15382098E5	25.78
15382206E5	32.61
15382314E5	34.78
15382422E5	32.39
1538253E6	29.22
15382638E5	27.22
15382746E5	25.78
15382854E5	25.22
15382962E5	26
1538307E6	32
15383286E5	32
15383394E5	26.78
15383502E5	25
1538361E6	24.22
15383718E5	23
15383826E5	24.78
15383934E5	32.61
15384042E5	34.78
1538415E6	33.61
15384258E5	27.22
15384366E5	25.39
15384582E5	23.22
1538469E6	26.39
15384798E5	32.78
15384906E5	35.22
15385014E5	33.39
15385122E5	29.39
1538523E6	25.22
15385338E5	23.61
15385446E5	22.61
15385554E5	25.39
15385662E5	33.39
1538577E6	35.39
15385878E5	33.39
15385986E5	28.61
15386094E5	26.61
15386202E5	24.78
1538631E6	24.22
15386418E5	27
15386526E5	33.61
15386634E5	35
15386742E5	32.39
1538685E6	27.22
15386958E5	25
15387066E5	24
15387174E5	23
15387282E5	25.78
1538739E6	32.39
15387498E5	34.61
15387606E5	32.61
15387714E5	26.39
15387822E5	24
1538793E6	23.22
15388038E5	21.61
15388146E5	25.39
15388254E5	31.39
15388362E5	34.39
1538847E6	31.39
15388578E5	25.39
15388686E5	23.78
15388794E5	23.22
15388902E5	21
1538901E6	23.61
15389118E5	31.22
15389226E5	33.39
15389334E5	31.22
15389442E5	25.39
1538955E6	23.39
15389766E5	21.22
15389874E5	24
15389982E5	31.78
1539009E6	34.78
15390198E5	33.22
15390306E5	27
15390414E5	24.78
15390522E5	23
1539063E6	23.39
15390738E5	25
15390846E5	31.78
15390954E5	34.61
15391062E5	32
1539117E6	26.61
15391278E5	25.22
15391386E5	23.61
15391494E5	24.22
15391602E5	26.22
1539171E6	32
15391926E5	31.78
15392142E5	27.39
1539225E6	26.22
15392358E5	25.22
15392466E5	26.39
15392574E5	30.39
15392682E5	28.39
1539279E6	26.39
15392898E5	23
15393006E5	22.22
15393114E5	20.22
15393222E5	18.22
1539333E6	22
15393438E5	29.78
15393546E5	32
15393654E5	30
15393762E5	24.61
1539387E6	21.39
15393978E5	20.61
15394086E5	17.61
15394194E5	21
15394302E5	28.78
1539441E6	31
15394518E5	28.61
15394626E5	22.78
15394734E5	20.78
1539495E6	18
15395058E5	22.39
15395166E5	29
15395274E5	31.78
15395382E5	30.39
1539549E6	22.39
15395598E5	20.61
15395706E5	18.78
15395814E5	17.78
15395922E5	22
1539603E6	30.61
15396138E5	32.39
15396246E5	30.39
15396354E5	24.39
15396462E5	22
15396678E5	19.61
15396786E5	22.39
15396894E5	29
15397002E5	34.22
1539711E6	30.78
15397218E5	26.39
15397326E5	24.39
15397542E5	20.39
1539765E6	22.78
15397758E5	31.39
15397866E5	34.39
15397974E5	31.39
15398082E5	23.61
1539819E6	21.39
15398298E5	19.61
15398406E5	19.22
15398514E5	23.61
15398622E5	31.39
1539873E6	33.22
15398838E5	30.61
15398946E5	24.61
15399054E5	22.78
15399162E5	22.22
1539927E6	19.22
15399378E5	21.39
15399486E5	29.61
15399594E5	33.39
15399702E5	29.61
1539981E6	23.61
15399918E5	22
15400026E5	20.78
15400134E5	18.39
15400242E5	20.22
1540035E6	30.22
15400458E5	32.39
15400566E5	29.39
15400674E5	22.39
15400782E5	20.22
1540089E6	19
15400998E5	18.39
15401106E5	21
15401214E5	29.78
15401322E5	30.61
1540143E6	28.22
15401538E5	21.39
15401646E5	19.39
15401754E5	18.22
15401862E5	16.22
1540197E6	20.39
15402078E5	28.78
15402186E5	31
15402294E5	29
15402402E5	22
1540251E6	19
15402618E5	18.22
15402726E5	16.61
15402834E5	19.39
15402942E5	29.39
15403158E5	29.22
15403266E5	21.39
15403374E5	19.39
1540359E6	17.22
15403698E5	20.78
15403806E5	30.39
15403914E5	32.22
15404022E5	29.39
1540413E6	22.39
15404238E5	20.39
15404346E5	18.78
15404454E5	16.22
15404562E5	18.78
1540467E6	29.78
15404778E5	31.78
15404886E5	28.61
15404994E5	21.61
15405102E5	19.61
1540521E6	17.78
15405318E5	16.78
15405426E5	19.39
15405534E5	28.61
15405642E5	30
1540575E6	27.61
15405858E5	20.39
15405966E5	18.39
15406074E5	18
15406182E5	16.78
1540629E6	19.39
15406398E5	28.22
15406506E5	30.22
15406614E5	27.78
15406722E5	21.78
1540683E6	19.22
15406938E5	17.78
15407046E5	17
15407154E5	19.61
15407262E5	28.61
1540737E6	31.39
15407478E5	27.78
15407586E5	20.78
15407694E5	18.61
1540791E6	16.39
15408018E5	18.39
15408126E5	28.39
15408234E5	30.39
15408342E5	28
1540845E6	21.61
15408558E5	19.78
15408666E5	18.39
15408774E5	17.61
15408882E5	18.78
1540899E6	28.22
15409098E5	29.78
15409206E5	27.61
15409314E5	21.39
15409422E5	19.78
1540953E6	18.39
15409638E5	16.78
15409746E5	18.61
15409854E5	28.39
15409962E5	30.39
1541007E6	27.22
15410178E5	21.22
15410286E5	19.39
15410502E5	17
1541061E6	18.39
15410718E5	27.78
15410826E5	30.61
15410934E5	28
15411042E5	22
1541115E6	20
15411474E5	18
15411582E5	27.61
1541169E6	31.22
15411906E5	22.22
15412014E5	21.39
15412122E5	19.39
1541223E6	19
15412338E5	21.39
15412446E5	27.39
15412554E5	30.22
15412662E5	27.22
15412878E5	23.39
15412986E5	22.61
15413094E5	19
15413202E5	20
1541331E6	27
15413418E5	29.39
15413526E5	26
15413634E5	21.61
15413742E5	19.61
15413958E5	15.61
15414066E5	16.78
15414174E5	21.39
15414282E5	25.61
1541439E6	23.22
15414498E5	18.78
15414606E5	18
15414822E5	16.61
1541493E6	18
15415038E5	25.22
15415146E5	27.78
15415254E5	24.61
15415362E5	18.22
1541547E6	17.78
15415578E5	16.78
15415686E5	13.39
15415794E5	14.78
15415902E5	25.22
1541601E6	27
15416118E5	24.61
15416226E5	17.22
15416334E5	14.61
15416442E5	12.78
1541655E6	11.61
15416658E5	13.22
15416766E5	23.78
15416874E5	26
15416982E5	22.61
1541709E6	16.22
15417198E5	13.61
15417306E5	12.61
15417414E5	12.22
15417522E5	14
1541763E6	26.22
15417738E5	28.61
15417846E5	25.39
15418062E5
15418386E5	15
15418494E5	25
15418602E5	28.22
1541871E6	24
15418818E5	17.39
15418926E5	15.61
15419034E5	13.61
15419142E5	13
1541925E6	15.61
15419358E5	28.22
15419466E5	30
15419574E5	25.39
1541979E6	16.78
15419898E5	14.78
15420006E5	14
15420114E5	17.39
15420222E5	26
1542033E6	29.61
15420438E5	26.78
15420546E5	19.39
15420654E5	18
1542087E6	16
15420978E5	19
15421086E5	21.39
15421194E5	29.22
15421302E5	25
1542141E6	20.61
15421518E5	20
15421626E5	18.78
15421734E5	18.78
15421842E5	19.39
1542195E6	25.39
15422058E5	28
15422166E5	25.22
15422274E5	20.39
15422382E5	20.22
15422598E5	17.39
15422706E5	18
15422814E5	25.22
15422922E5	26.61
1542303E6	24
15423138E5	20
15423246E5	17.22
15423354E5	16.39
15423462E5	15.61
1542357E6	17.39
15423678E5	23
15423786E5	25.61
15423894E5	23.78
15424002E5	20
1542411E6	19.39
15424218E5	17
15424326E5	14.61
15424434E5	15.39
15424542E5	23.78
1542465E6	26
15424758E5	22.61
15424866E5	17
15424974E5	15
1542519E6	12.39
15425298E5	13.78
15425406E5	26.22
15425514E5	28.39
15425622E5	25.39
1542573E6	18.78
15425838E5	17
15425946E5	15.61
15426054E5	17.61
15426162E5	19.39
1542627E6	24.39
15426378E5	27.39
15426486E5	25.61
15426594E5	21.39
15426702E5	18.61
1542681E6	17.39
15426918E5	15
15427026E5	15.61
15427134E5	25.22
15427242E5	28.22
1542735E6	25.22
15427458E5	18.61
15427566E5	17
15427674E5	15.61
1542789E6	15.22
15427998E5	24.61
15428106E5	27.61
15428214E5	23.78
15428322E5	16.39
1542843E6	15
15428646E5	13
15428754E5	14
15428862E5	26.39
1542897E6	27.61
15429078E5	23.61
15429186E5	18
15429294E5	16.22
15429402E5	14.61
1542951E6	12.61
15429618E5	13.78
15429726E5	25
15429834E5	27.61
15429942E5	23.61
1543005E6	19.39
15430158E5	19.39
15430374E5	15
15430482E5	16
1543059E6	23.61
15430698E5	26.78
15430806E5	23.39
15430914E5	17.39
15431022E5	15
1543113E6	13.61
15431238E5	11.78
15431346E5	14.22
15431454E5	24.22
15431562E5	26.78
1543167E6	23.39
15431778E5	16.78
15431886E5	14.39
15432102E5	11.78
15432318E5	24.39
15432426E5	26.61
15432534E5	24
15432642E5	16.78
1543275E6	14.61
15432858E5	12.78
15432966E5	12
15433074E5	14
15433182E5	25.22
1543329E6	28.22
15433398E5	23.78
15433506E5	18.39
15433614E5	16.61
15433722E5	15.61
1543383E6	14.61
15433938E5	15.61
15434046E5	24.39
15434154E5	27.61
15434262E5	24.61
15434478E5	16
15434586E5	15
15434694E5	13.61
15434802E5	15.22
1543491E6	22.78
15435018E5	26
15435126E5	22.22
15435234E5	16.78
15435342E5	14.78
1543545E6	13.78
15435558E5	11.78
15435666E5	14
15435774E5	22
15435882E5	26
1543599E6	22.61
15436098E5	16.39
15436206E5	14.61
15436314E5	13.39
15436422E5	12
1543653E6	15.39
15436638E5	23
15436746E5	25.39
15436854E5	23
1543707E6	13.61
15437178E5	13.22
15437286E5	10.39
15437394E5	11.39
15437502E5	24.39
1543761E6	27.22
15437718E5	23
15437934E5	12.78
15438042E5	12.39
1543815E6	11.22
15438258E5	11.22
15438366E5	24.61
15438582E5	21
1543869E6	15
15438798E5	12.78
15439014E5	10.39
15439122E5	10.39
1543923E6	22.39
15439338E5	25.61
15439446E5	20.61
15439554E5	14.39
15439662E5	13
1543977E6	11.78
15439878E5	10.22
15439986E5	12
15440094E5	21.39
1544031E6	21.61
15440418E5	16
15440526E5	12.78
15440634E5	11.78
15440742E5	10.22
1544085E6	12
15440958E5	21.61
15441066E5	24.39
15441174E5	20.39
15441282E5	14.61
1544139E6	12.61
15441498E5	11.39
15441606E5	10.22
15441714E5	11.78
15441822E5	21.22
1544193E6	23.78
15442038E5	22.61
15442146E5	13.22
15442254E5	11.39
1544247E6	9.22
15442578E5	10.22
15442686E5	21
15442794E5	24.22
15442902E5	20
1544301E6	13.61
15443118E5	12.22
15443226E5	11.22
15443334E5	9.61
15443442E5	10.61
1544355E6	22.22
15443658E5	24.61
15443766E5	20
15443874E5	14.78
15443982E5	11.61
1544409E6	10.78
15444198E5	9.22
15444306E5	11
15444414E5	21.78
15444522E5	23
1544463E6	20
15444846E5	12.78
15445062E5	10
1544517E6	11
15445386E5	21.61
15445494E5	19
15445602E5	14.39
1544571E6	14
15445926E5	14.22
15446034E5	14
15446142E5	19.61
1544625E6	21.39
15446358E5	19
15446466E5	16.39
15446574E5	15
15446682E5	13.78
1544679E6	12.22
15446898E5	13
15447006E5	18.78
15447114E5	20.61
15447222E5	18.22
15447438E5	12.22
15447546E5	11.61
15447654E5	10.39
1544787E6	19
15447978E5	21.39
15448086E5	18.39
15448194E5	12.78
15448302E5	11
1544841E6	10.61
15448518E5	9.61
15448626E5	9.61
15448734E5	17.39
15448842E5	22
1544895E6	19.39
15449058E5	13.39
15449166E5	12.22
15449274E5	11
15449382E5	9.39
1544949E6	9.39
15449598E5	18.39
15449706E5	23
15449814E5	20
15449922E5	12.22
1545003E6	10.39
15450138E5	8.78
15450246E5	7.22
15450354E5	8.39
15450462E5	17
1545057E6	22
15450678E5	18.39
15450786E5	12.22
15450894E5	9.39
15451002E5	8.78
1545111E6	6.61
15451218E5	8.78
15451326E5	18
15451434E5	21.39
15451542E5	18.78
1545165E6	11.78
15451758E5	9.61
15451866E5	7.61
15451974E5	6.39
15452082E5	8.39
1545219E6	18.61
15452298E5	22
15452406E5	19.39
15452514E5	11.39
15452622E5	8.78
1545273E6	7.61
15452946E5	6
15453054E5	20
15453162E5	22.22
1545327E6	18
15453378E5	10.61
15453486E5	8.39
15453594E5	6.78
15453702E5	5.78
1545381E6	8.61
15453918E5	17.61
15454134E5	17.22
15454242E5	10.39
1545435E6	8
15454566E5	5
15454674E5	6.61
15454782E5	17.22
1545489E6	21.61
15454998E5	17.22
15455106E5	10.39
15455214E5	8.39
15455322E5	6.61
1545543E6	5.61
15455538E5	6.22
15455646E5	18.39
15455862E5	18.61
1545597E6	10.78
15456078E5	9.61
15456186E5	7.39
15456294E5	6.39
1545651E6	17.61
15456618E5	21
15456726E5	17.39
15456942E5	9.22
15457158E5	6.22
15457266E5
15457374E5	16.22
15457482E5	19.39
1545759E6	16.39
15457698E5	11
15457806E5	9
15457914E5	7.61
15458022E5	5
1545813E6	7
15458238E5	17.22
15458346E5	20.61
15458454E5	17.61
15458562E5	8.61
1545867E6	7.22
15458778E5	5.61
15458886E5	4.61
15458994E5	5.22
15459102E5	18.61
1545921E6	21.39
15459318E5	17.39
15459426E5	10.22
15459534E5	8.61
15459642E5	6.61
1545975E6	6.22
15459858E5	8.39
15459966E5	15.22
15460074E5	18.39
15460182E5	16.78
1546029E6	9.22
15460398E5	7
15460506E5	5.39
15460614E5	4.22
15460722E5	6.39
1546083E6	17.22
15460938E5	19.61
15461046E5	17.78
15461154E5	9.39
15461262E5	7
1546137E6	5.78
15461478E5	4.61
15461586E5	6
15461694E5	18.78
15461802E5	22.39
1546191E6	18.78
15462018E5	10
15462126E5	8.22
15462342E5	5.22
1546245E6	5.78
15462558E5	18.39
15462666E5	22
15462774E5	19.61
15462882E5	10.39
1546299E6	8